6881 
6880 
6880 
6880 
6880 
6880 
6883 
6883 
6888 
6888 
6888 
6888 
6888 
6893 
6880 
6880 
6883 
6883 
6888 
6888 
6888 
6888 
6888 
6888 
6888 
6880 
6880 
6883 
6883 
6883 
6880 
6880 
6883 
6883 
6888 
6888 
6888 
6891 
6880 
6880 
6883 
6883 
6888 
6888 
6888 
6888 
6892 
6880 
6880 
6883 
6883 
6888 
6888 
6888 
6888 
6888 
6888 
6894 
6880 
6880 
6883 
6883 
6888 
6889 
6880 
6880 
6883 
6883 
6888 
6888 
6890 
6880 
6880 
6883 
6885 
6880 
6882 
6882 
6886 
6880 
6882 
6884 
6887 
6880 
6882 
6882 
6882 
6880 
6882 
6884 
6884 
